10 20
58 197 -174 -478 -385 -227 167 157 -271 322 0 0 0 0 0 0 0 0 0 0
510 382 -368 432 -473 -108 -124 273 -242 -85 1 0 0 0 0 0 0 0 0 0 312
237 -255 48 318 286 476 -448 323 254 -46 0 1 0 0 0 0 0 0 0 0 351
-82 273 -196 -480 -69 38 -305 -382 101 364 0 0 -1 0 0 0 0 0 0 0 -145
337 487 161 223 -354 469 -501 491 370 323 0 0 0 -1 0 0 0 0 0 0 -138
-428 255 231 426 480 10 475 -63 124 -117 0 0 0 0 1 0 0 0 0 0 418
130 -350 -198 -79 -295 247 -38 -490 357 -83 0 0 0 0 0 -1 0 0 0 0 -365
-415 117 -112 438 94 -64 -400 115 227 -127 0 0 0 0 0 0 1 0 0 0 -4
33 49 47 481 -207 -426 -59 153 -483 -350 0 0 0 0 0 0 0 1 0 0 282
-124 -44 288 -255 -38 94 153 -124 -94 -375 0 0 0 0 0 0 0 0 1 0 -253
416 -318 231 -25 174 -397 310 -169 440 449 0 0 0 0 0 0 0 0 0 -1 335
