10 20
3 -4 -7 0 -13 15 -12 5 6 -9 0 0 0 0 0 0 0 0 0 0
-7 2 4 -6 -4 10 -1 14 -6 -14 1 0 0 0 0 0 0 0 0 0 69
-11 -5 -3 -6 -3 9 -4 6 -9 -3 0 1 0 0 0 0 0 0 0 0 60
10 -7 -13 -9 0 -7 -11 -12 -8 -9 0 0 1 0 0 0 0 0 0 0 87
10 10 -12 11 14 -8 2 2 -3 7 0 0 0 1 0 0 0 0 0 0 80
-8 -13 4 6 -1 13 7 0 -3 11 0 0 0 0 1 0 0 0 0 0 67
-12 0 7 6 -4 -1 -15 -10 13 -7 0 0 0 0 0 1 0 0 0 0 76
10 3 4 0 5 13 -6 4 1 -12 0 0 0 0 0 0 1 0 0 0 59
-14 -12 4 -4 3 8 -13 -9 5 5 0 0 0 0 0 0 0 1 0 0 78
2 11 -12 -14 9 -8 15 0 3 -4 0 0 0 0 0 0 0 0 1 0 79
-13 13 4 -13 -4 14 3 -9 12 -9 0 0 0 0 0 0 0 0 0 1 95
